13.3511589621816 52.5452832796746 1
13.3287417910354 52.4504329559124 1
13.300189456852 52.471599213682 1
13.2993271880371 52.5271201277147 1
13.4409251168722 52.5343613989711 1
13.4029639577417 52.4956023586517 1
13.3726240549945 52.553853060213 1
13.3170111272244 52.4935288233434 1
13.4180535870011 52.4924718467727 1
13.3877927081507 52.5610689856795 1
13.389733734177 52.5486421223017 1
13.3897475520106 52.543064795379 1
13.3926977151928 52.5027728560685 1
13.2806228972245 52.5044717657164 1
13.2903233518795 52.5534946679141 1
13.3548602562469 52.4736696462166 1
13.3382908292122 52.4786326671192 1
13.3513424964774 52.5146955292008 1
13.3912029179782 52.5190550807131 1
13.3885812983418 52.5194894389812 1
13.3374109365382 52.5352348190074 1
13.4060972184069 52.5495737090094 1
13.3639076880145 52.4725149444838 1
13.4378652622065 52.4686038444805 1
13.2899982633529 52.5009338086761 1
13.2859901979845 52.5540224043917 1
13.2902823660971 52.5581315346279 1
13.3918602464804 52.4796378210637 1
13.3911664958802 52.4744404053184 1
13.3932386875358 52.4745612864439 1
13.2059309011045 52.4720151441238 2
13.2347347279815 52.4509090065472 2
13.2075499951857 52.4963459283961 2
13.2686434273211 52.5669113473225 2
13.3588789375776 52.5129542480401 2
13.1903577871798 52.5786538788875 2
13.3528492025058 52.5519819276821 2
13.3922122298826 52.5609433980308 2
13.1714630498881 52.5849136213087 2
13.2297259850507 52.4549125716788 2
13.3564901570386 52.5765254900731 3
13.2394120825809 52.514731907415 3
13.2422636499471 52.5194213920045 3
13.4054436470327 52.543025925366 3
13.3952237734457 52.4773831572864 3
13.1746286139823 52.4792394158621 3
13.1771365466112 52.4813311338069 3
13.372743777373 52.5187692547486 3
13.2728128883609 52.5554640114143 3
13.1647651157026 52.4855278855126 3
13.1698690220164 52.4868312403458 3
13.3386437799654 52.4774534422332 4
13.3365783927501 52.4774213700104 4
13.3649400883895 52.5324822275807 4
13.3691684331787 52.5318231230544 4
13.4170292702131 52.5173280479933 4
13.1769538541525 52.4378044863175 4
13.1768147264444 52.439966791914 4
13.2835184926657 52.5683917668811 4
13.3654055403824 52.4677964292645 1
13.4077190300111 52.4606069785259 1
13.2672556685594 52.4395406608383 1
13.2412929620151 52.5147271151745 1
13.3235086783488 52.5238882045508 1
13.3767832079967 52.5331693387606 1
13.403792509716 52.5199939362181 1
13.4045185658172 52.5446960953027 1
13.3867661626212 52.567524788221 1
13.3564639669523 52.5838499760236 1
13.3515628464059 52.5846234395372 1
13.3559100748843 52.6047407014847 1
13.283869964214 52.523713959448 1
13.4218654554381 52.4535353066001 1
13.4360381754468 52.4797589839982 1
13.4180174675437 52.5595258288399 1
13.4222638562096 52.564631618354 1
13.2630161413667 52.5437371249839 1
13.3191152912908 52.4675171206227 1
13.325831547358 52.4472816994805 1
13.390049982779 52.5622097353255 1
13.3893915131294 52.5615256783134 1
13.3333158906358 52.5736113683771 1
13.2994601847462 52.5928321376401 1
13.3732550348378 52.4664485614356 1
13.3988653772837 52.4985470099051 1
13.3978515017703 52.4992078326109 1
13.4142642857258 52.5185213153505 1
13.4227896212744 52.4729369313984 1
13.2685785871464 52.5129897825906 1
13.2710441282502 52.502496417993 1
13.3356995000312 52.4688366920768 1
13.4080990712524 52.5000756347792 1
13.430432838757 52.5178813909985 1
13.4321222300415 52.5455351816497 1
13.3432834434888 52.5239613984872 1
13.3963478845359 52.48302932506 1
13.3910910333597 52.4820481642055 1
13.4493134057455 52.4760621318413 1
13.4459293329326 52.4876853167263 1
13.4509494841836 52.503255425604 1
13.4470679445226 52.5171430898623 1
13.277649001483 52.5379281321183 1
13.3441146096367 52.4454126827471 1
13.3994560975678 52.44527418908 1
13.3097730931569 52.4313550348178 1
13.3603077813899 52.474289580457 1
13.4494940620369 52.4636309979253 1
13.264556995229 52.4923268504299 1
13.3261971913279 52.5381162864552 1
13.4273863969803 52.5679950255444 1
13.4476771070296 52.5263621612169 1
13.4535677377426 52.5158682638817 1
13.3251181000826 52.5024156532378 1
13.3146341357374 52.5122656063373 1
13.2852533194636 52.4995662577365 1
13.2734915088288 52.494057021345 1
13.308590042464 52.5315004845353 1
13.3943415746754 52.5494068645656 1
13.4391442881585 52.5085428243011 1
13.4252911500486 52.4667392520281 1
13.3824219314899 52.570801834232 1
13.3935022683876 52.5491727459412 1
13.2848774259489 52.5167554997898 1
13.306494834271 52.5052978413055 1
13.3920158002011 52.4708597746155 1
13.3962172893673 52.4814411024836 1
13.2787226726251 52.5588604299308 1
13.3064375973505 52.561598832753 1
13.3784855618921 52.5139773303061 1
13.246110049401 52.5152288406826 1
13.3771210972064 52.518589136955 1
13.2490739178689 52.4849164655192 1
13.2144525623221 52.4751357145809 2
13.2131161902508 52.478307377543 2
13.287332916708 52.5468621310339 2
13.2850741453619 52.5417702842264 2
13.2753907759236 52.5427272055332 2
13.3673400687033 52.5124576509464 2
13.3756771190608 52.5153043151816 2
13.4041842900187 52.4874411745493 2
13.4321068135344 52.5256525482518 2
13.3836227308072 52.5436385692163 2
13.3835288797813 52.5445760906017 2
13.3880884896826 52.5763834660892 2
13.3556052210034 52.5141192976573 2
13.256476505935 52.561065211337 2
13.1878567175284 52.4436053511151 2
13.2531556977412 52.4430176691718 3
13.2515397851823 52.4444766562433 3
13.2339987798708 52.5143184314026 3
13.3595163972828 52.5299394411935 3
13.3724945854918 52.5217236285874 3
13.429044354997 52.4649267466211 3
13.4097950525415 52.4696654198253 3
13.3572699724102 52.3858332323747 3
13.3634916754489 52.3901632557047 3
13.3238914022581 52.396978513988 3
13.3405858092578 52.3809467239773 3
13.2534604461846 52.3894264772012 3
13.2575643062471 52.3905605334095 3
13.2632421683078 52.5589139022273 3
13.4040008607901 52.6070885783262 3
13.3787691141638 52.6151324336104 3
13.2241439955587 52.5345863423632 4
13.380585722676 52.470771903764 4
13.3889805035086 52.4774002295376 1
13.2980599729179 52.5561190626281 1
13.3437515752764 52.4023747699609 3
13.3060863585813 52.5633754281763 3
13.3635721707173 52.3717304536774 3
13.3423160302218 52.3705824650688 3
13.2431601945239 52.366847572195 3
13.2094754559033 52.3703354471507 3
13.0788017584971 52.4730642925834 4
13.033716962475 52.4989690720207 4
13.037975782287 52.4983099175758 4
13.0764717776039 52.4749141829801 4
13.1501223182018 52.5118234603237 3
13.4015804559134 52.4696945542876 3
13.3538533275505 52.5261021100075 1
13.0457518544648 52.6255432473174 3
13.0768146466258 52.6242071558355 4
13.4399232631479 52.3699115877737 3
13.2813062719845 52.3640168591748 3
13.2761031776464 52.387074714136 3
13.0875417296156 52.4168924155155 5
13.0723161117057 52.4144329303814 5
13.1974210431408 52.5000317956274 5
13.2349521288613 52.5342635823619 5
13.2761339819618 52.5439393735209 5
13.3180379649209 52.5211533261472 5
13.4501441939682 52.500295735849 5
13.2446728393424 52.4748705915021 1
13.3580996858437 52.5149808137474 1
13.3886162158442 52.4744545699009 1
13.4062713549098 52.4710570366777 1
13.3509268945051 52.5138512108748 1
13.3642829075779 52.5153942105358 1
13.3763113114448 52.5161077329414 1
13.1961447592803 52.4371423411876 1
13.2347030603306 52.4676916854178 1
13.0781301399184 52.4483958191039 2
13.0471831857974 52.5175997131808 2
13.1125415516878 52.617244450548 2
13.091897952383 52.625305550675 2
13.4274496682593 52.3749883868897 2
13.407957266186 52.3752285605745 2
13.3803383330733 52.3952621875487 2
13.3313332143237 52.4061071982137 2
13.345971012974 52.4556565066299 2
13.3392059018976 52.5128117521332 2
13.4109242396045 52.5969503518001 2
13.0941128224148 52.5361700817154 3
13.4233080357346 52.4562070751524 5
13.3201039416043 52.4375337388169 5
13.0257757300584 52.4504725339134 5
13.0250770755443 52.3741757236479 5
13.1725736822849 52.4276055480018 5
13.2163491924745 52.4426470442563 5
13.1764574685787 52.4549661376104 5
13.2634483362702 52.470141599401 5
13.1878614495472 52.486196957901 5
13.2482311699322 52.5659950737393 5
13.2185106959164 52.5793595908283 5
13.2185052498874 52.5529303685134 5
13.2137994204121 52.6032935714737 5
13.218436004751 52.6217312710562 5
13.1520632071934 52.4448065996011 5
